I
1000 Generated by WorldEditor 1.6.0b2

1   1453 1 0 LERO Rozas (Lugo)
1302 city Rozas
1302 country España
1302 datum_lat 43.116944444
1302 datum_lon -7.470277778
1302 icao_code LERO
1302 region_code LE
1302 state Lugo
1302 transition_alt 6000
1302 transition_level FL070
100 45.00 1 0 0.00 1 2 1 04  43.11161958 -007.46783563    0    0 2 9 0 0 22  43.12038392 -007.45938586    0    0 2 9 0 0
110 1 0.00 0.0000 Rodadura A
111  43.11386931 -007.46532847 1
112  43.11392360 -007.46482369  43.11381302 -007.46460682 1
112  43.11180744 -007.46070444  43.11172529 -007.46051243
111  43.11180744 -007.46070444
112  43.11180744 -007.46070444  43.11173760 -007.46068563 1
111  43.11161776 -007.46064393 1
111  43.11169666 -007.46037290 1
111  43.11269370 -007.46071788 1
111  43.11269015 -007.46103267 1
112  43.11240553 -007.46093291  43.11234227 -007.46091125 1
112  43.11230867 -007.46123101  43.11238548 -007.46137491 1
112  43.11413420 -007.46475055  43.11420487 -007.46487814 1
113  43.11442602 -007.46479000 1
110 1 0.00 0.0000 Rodadura 22
111  43.11946740 -007.45993525
112  43.11962306 -007.45966926  43.11966912 -007.45953819
112  43.11972819 -007.45932645  43.11979149 -007.45918865
112  43.11996359 -007.45909774  43.12003735 -007.45907765
112  43.12014676 -007.45909512  43.12020922 -007.45911009
112  43.12029014 -007.45917427  43.12032279 -007.45919664
112  43.12036538 -007.45926374  43.12039022 -007.45929583
111  43.12053018 -007.45958182
113  43.12043316 -007.45967783
110 1 0.00 0.0000 Rodadura 04
111  43.11180433 -007.46799573
111  43.11170768 -007.46808683
112  43.11159025 -007.46787045  43.11156219 -007.46781351
112  43.11152998 -007.46773237  43.11151647 -007.46768540
112  43.11150469 -007.46759364  43.11150398 -007.46755183
111  43.11150753 -007.46741960
112  43.11153967 -007.46724558  43.11155170 -007.46721970
112  43.11168826 -007.46702323  43.11177328 -007.46696793
112  43.11191500 -007.46694676  43.11198800 -007.46695264
112  43.11211253 -007.46693734  43.11218897 -007.46691852
113  43.11228688 -007.46685617
110 1 0.00 0.0000 Plataforma Saliente
111  43.11217103 -007.46140996
112  43.11202082 -007.46151608  43.11197830 -007.46151608
112  43.11189138 -007.46149408  43.11182242 -007.46146172
112  43.11180163 -007.46144878  43.11177423 -007.46142290
112  43.11172038 -007.46132972  43.11170905 -007.46130125
112  43.11167882 -007.46116019  43.11168165 -007.46109160
112  43.11171849 -007.46100619  43.11173550 -007.46096219
112  43.11177423 -007.46085607  43.11178179 -007.46080301
112  43.11177788 -007.46077036  43.11177042 -007.46074187
112  43.11175708 -007.46068197  43.11174695 -007.46065129
113  43.11181902 -007.46068520
120 linearodadura04_continuacion
111  43.11392990 -007.46559873 1
112  43.11389056 -007.46564463  43.11386215 -007.46567258 1
115  43.11380642 -007.46572547
120 linearodadura04
112  43.11392780 -007.46460242  43.11405854 -007.46485942 1
116  43.11393027 -007.46559919  43.11365826 -007.46620124
120 linearodaduraA
111  43.11194143 -007.46075591 1
115  43.11392425 -007.46459486
120 linearodadura22_continuacion
111  43.11467729 -007.46488512 1
112  43.11469453 -007.46486937  43.11471040 -007.46485550 1
115  43.11480673 -007.46476028
120 linearodadura22
112  43.11392781 -007.46460266  43.11411804 -007.46494741 1
116  43.11467766 -007.46488532  43.11517298 -007.46466363
120 PuntoEspera
111  43.11384512 -007.46467179 4
115  43.11400904 -007.46451384
14  43.11357143 -007.46037942  82.02 0 LERO_TWR_VISTA
1300  43.11231773 -007.46218285  31.61 tie_down turboprops|props Fuerapista_2
1300  43.11219865 -007.46192051  31.61 tie_down turboprops|props Fuerapista_1
1300  43.11247096 -007.46067260 264.01 tie_down props Terminal_7
1300  43.11234354 -007.46062803 264.01 tie_down props Terminal_6
1300  43.11219579 -007.46057976 264.01 tie_down props Terminal_5
1300  43.11207519 -007.46053509 264.01 tie_down props Terminal_4
1300  43.11195554 -007.46049868 274.45 tie_down props Terminal_3
1300  43.11180519 -007.46044938 303.98 tie_down turboprops|props Terminal_2
1300  43.11176905 -007.46064279  31.61 tie_down turboprops|props Terminal_1
19  43.11437328 -007.46378321 0 manga_1
54 12350 LERO_TWR
1000 ATC Flow
1001 LERO 310 130 10
1001 LERO 130 310 10
1002 LERO 1000
1003 LERO 10.0
1101 04 left
1100 04  12280 arrivals|departures jets|turboprops|props|helos|fighters 020060 030050 04 Use Rule
1100 04  12280 arrivals|departures jets|turboprops|props|helos|fighters 200240 220230 22 Use Rule
1200 
1201  43.11392241 -007.46458270 both 0 B_stop
1201  43.11193557 -007.46075586 both 1 B_start
1201  43.11181917 -007.46763991 both 2 A_stop
1201  43.11430444 -007.46523137 both 3 A_stop
1201  43.12011872 -007.45964320 both 4 A_start
1202 0 3 twoway taxiway B
1204 departure 04,22
1204 arrival 04,22
1202 1 0 twoway taxiway B
1202 4 3 twoway runway 04/22
1204 departure 04,22
1204 arrival 04,22
1204 ils 04,22
1202 3 2 twoway runway 04/22
1204 departure 04,22
1204 arrival 04,22
1204 ils 04,22
99
