I
1050 Generated by WorldEditor 1.6.0b1

1   1453 1 0 LERO LERO
1302 city Rozas
1302 country España
1302 datum_lat 43.116944444
1302 datum_lon -7.470277778
1302 icao_code LERO
1302 region_code LE
1302 state Lugo
1302 transition_alt 6000
1302 transition_level FL070
100 45.00 1 0 0.00 1 2 1 04  43.11155388 -007.46790600    0    0 2 9 0 0 22  43.12037700 -007.45937380    0    0 2 9 0 0
110 1 0.00 0.0000 rodaduraA
111  43.11386931 -007.46532847 1
112  43.11392360 -007.46482369  43.11381302 -007.46460682 1
112  43.11180744 -007.46070444  43.11172529 -007.46051243
111  43.11180744 -007.46070444
112  43.11180744 -007.46070444  43.11173760 -007.46068563 1
111  43.11161776 -007.46064393 1
111  43.11169666 -007.46037290 1
111  43.11269370 -007.46071788 1
111  43.11269015 -007.46103267 1
112  43.11240553 -007.46093291  43.11234227 -007.46091125 1
112  43.11230867 -007.46123101  43.11238548 -007.46137491 1
112  43.11413420 -007.46475055  43.11420487 -007.46487814 1
113  43.11442602 -007.46479000 1
110 1 0.00 0.0000 rodadura22
111  43.11952589 -007.45984901 1
112  43.11964899 -007.45949489  43.11971055 -007.45921158 1
112  43.11996414 -007.45908342  43.12007247 -007.45903283 1
113  43.12025959 -007.45914077 1
110 1 0.00 0.0000 rodadura04
111  43.11153462 -007.46759582 1
112  43.11153462 -007.46724170  43.11159864 -007.46704609 1
112  43.11177837 -007.46694829  43.11188670 -007.46689770 1
113  43.11226833 -007.46688758 1
120 linearodadura04
112  43.11393712 -007.46462253  43.11406786 -007.46487953 1
116  43.11388147 -007.46564443  43.11338959 -007.46599471
120 linearodaduraA
111  43.11194143 -007.46075591 1
115  43.11391966 -007.46458262
120 linearodadura22
112  43.11393713 -007.46462259  43.11412736 -007.46496735 1
116  43.11467199 -007.46488240  43.11491532 -007.46465780
14  43.11357143 -007.46037942  82.02 0 LERO_TWR_VISTA
1300  43.11231773 -007.46218285  31.61 tie_down turboprops|props parkingFuerapista_2
1301 B general_aviation 
1300  43.11219865 -007.46192051  31.61 tie_down turboprops|props parkingFuerapista_1
1301 B general_aviation 
1300  43.11247096 -007.46067260 264.01 tie_down turboprops|props parkingTerminal_7
1301 A general_aviation 
1300  43.11234354 -007.46062803 264.01 tie_down props parkingTerminal_6
1301 A general_aviation 
1300  43.11219579 -007.46057976 264.01 tie_down props parkingTerminal_5
1301 A general_aviation 
1300  43.11207519 -007.46053509 264.01 tie_down turboprops|props parkingTerminal_4
1301 A general_aviation 
1300  43.11195554 -007.46049868 274.45 tie_down turboprops|props parkingTerminal_3
1301 A general_aviation 
1300  43.11180519 -007.46044938 303.98 tie_down turboprops|props parkingTerminal_2
1301 A general_aviation 
1300  43.11176905 -007.46064279  31.61 tie_down turboprops|props parkingTerminal_1
1301 A general_aviation 
19  43.11437328 -007.46378321 0 manga_1
54 12350 LERO_TWR
1200 
1201  43.11392241 -007.46458270 both 0 B_stop
1201  43.11193557 -007.46075586 both 1 B_start
1201  43.11155463 -007.46790313 both 2 A_stop
1201  43.11430444 -007.46523137 both 3 A_stop
1201  43.12037185 -007.45936755 both 4 A_start
1202 0 3 oneway taxiway_B B
1204 departure 04,22
1204 arrival 04,22
1202 1 0 oneway taxiway_B B
1204 departure 04,22
1204 arrival 04,22
1202 3 2 twoway runway 04/22
1204 departure 04,22
1204 arrival 04,22
1204 ils 04,22
1202 4 3 twoway runway 04/22
1204 departure 04,22
1204 arrival 04,22
1204 ils 04,22
99
